[gd_scene load_steps=6 format=3 uid="uid://ktdxaegj7bqv"]

[ext_resource type="MeshLibrary" uid="uid://cvummvys5iswa" path="res://assets/models/blocks.meshlib" id="2_v5uil"]
[ext_resource type="PackedScene" uid="uid://4i7tn4ht17gs" path="res://scenes/ball.tscn" id="3_5722l"]
[ext_resource type="Script" uid="uid://63q1tvjfh5vn" path="res://scripts/victory_zone.gd" id="3_ilhis"]
[ext_resource type="PackedScene" uid="uid://mat8i2d22j5e" path="res://levels/map_manager.tscn" id="4_ep78u"]

[sub_resource type="BoxShape3D" id="BoxShape3D_qsdks"]
size = Vector3(2, 2.47437, 2)

[node name="Level2" type="Node3D"]

[node name="MapManager" parent="." instance=ExtResource("4_ep78u")]
prev_scene = "res://levels/level_1.tscn"
next_scene = "res://levels/level_3.tscn"

[node name="ball" parent="." instance=ExtResource("3_5722l")]
transform = Transform3D(1, 0, 0, 0, 1, 0, 0, 0, 1, 0, 2.70296, 0)

[node name="GridMap" type="GridMap" parent="."]
transform = Transform3D(0.999997, -0.00221733, -0.000972571, 0.00221829, 0.999997, 0.000994632, 0.000970382, -0.000996768, 0.999999, 0, 0, 0)
mesh_library = ExtResource("2_v5uil")
data = {
"cells": PackedInt32Array(65535, 0, 655360, 65535, 65534, 655360, 65533, 65534, 655360, 65533, 0, 655360, 65533, 2, 0, 65535, 2, 0, 1, 2, 0, 1, 0, 0, 1, 65534, 0, 3, 65534, 0, 3, 0, 0, 3, 2, 0, 65531, 65534, 1048576, 65531, 0, 1048576, 65531, 1, 1048576, 65531, 2, 1048576, 65531, 65532, 1441792, 65533, 65532, 1441792, 65535, 65532, 1441792, 1, 65532, 1441792, 3, 65532, 1441792, 3, 65530, 1441792, 1, 65530, 1441792, 65533, 65530, 1441792, 65531, 65530, 1441792, 65535, 65530, 1441792, 3, 65528, 1048576, 1, 65528, 1048576, 65535, 65528, 1048576, 65533, 65528, 1048576, 65531, 65528, 1048576, 65535, 65526, 655360, 65535, 65524, 655360, 65535, 65522, 655360, 65535, 65520, 655360, 1, 65526, 1048576, 65535, 65518, 1048576, 1, 65518, 1048576, 1, 65516, 1048576, 1, 65514, 1048576, 65535, 65514, 1048576, 65533, 65514, 1048576, 65533, 65516, 1048576, 65533, 65518, 1048576, 65535, 65516, 1048581, 65533, 65526, 1048576)
}
metadata/_editor_floor_ = Vector3(0, 0, 0)

[node name="VictoryZone" type="Area3D" parent="."]
transform = Transform3D(0.999997, -0.00221733, -0.000972571, 0.00221829, 0.999997, 0.000994632, 0.000970382, -0.000996768, 0.999999, 0, 0, 0)
script = ExtResource("3_ilhis")
NEXT_LEVEL = "uid://dwdeetug0g4p1"

[node name="CollisionShape3D" type="CollisionShape3D" parent="VictoryZone"]
transform = Transform3D(0.999997, 0.000713559, -0.00350612, -0.000718703, 0.999999, -0.00146833, 0.00350508, 0.00147084, 0.999995, -1.0874, 0.00766283, -38.8938)
shape = SubResource("BoxShape3D_qsdks")

[connection signal="body_entered" from="VictoryZone" to="VictoryZone" method="_on_body_entered"]
